0.000000, 0.368617
0.693147, 0.456063
1.386294, 0.453150
1.609438, 0.517692
2.079442, 0.571079
2.197225, 0.512468
2.302585, 0.570316
2.564949, 0.619618
2.772589, 0.550039
2.833213, 0.606451
2.890372, 0.667893
2.995732, 0.655549
3.218876, 0.692290
3.258097, 0.690288
3.367296, 0.740083
3.465736, 0.739529
3.526361, 0.787951
3.583519, 0.689359
3.610918, 0.751483
3.688879, 0.804510
3.713572, 0.828873
3.806662, 0.858426
3.891820, 0.607166
3.912023, 0.743389
3.951244, 0.899742
3.970292, 0.755232
4.060443, 0.810991
4.110874, 1.001522
4.174387, 0.842586
4.276666, 1.083312
4.304065, 0.928190
4.442651, 1.019982
4.584967, 0.939935
