2.079442, 2.054974
2.197225, 2.140930
2.302585, 2.347441
2.397895, 2.138684
2.484907, 2.107727
2.564949, 2.417644
2.639057, 2.273773
2.708050, 2.617147
2.772589, 2.278519
2.833213, 2.420519
2.890372, 2.579374
2.944439, 2.605147
2.995732, 2.648595
3.044522, 2.439719
3.091042, 2.504316
3.135494, 2.719479
3.178054, 2.103365
3.218876, 2.531316
3.258097, 2.541466
3.295837, 2.735072
3.332205, 2.690107
3.367296, 2.814946
3.401197, 2.904553
3.433987, 2.668661
3.465736, 2.650210
3.496508, 2.723729
3.526361, 3.110867
3.555348, 3.054450
3.583519, 3.073724
3.610918, 2.915245
3.637586, 2.942119
3.663562, 3.109993
3.688879, 3.023601
3.713572, 3.018635
3.737670, 3.089966
3.761200, 2.947963
3.784190, 2.996795
3.806662, 3.088897
3.828641, 3.126114
3.850148, 3.087995
3.871201, 3.060722
3.891820, 3.057779
3.912023, 3.149399
3.931826, 3.144489
3.951244, 3.187268
3.970292, 3.094790
3.988984, 3.229807
4.007333, 3.261732
4.025352, 3.236220
4.043051, 3.270037
4.060443, 3.238129
4.077537, 3.251828
4.094345, 3.149734
