1.590500, 0.125840
0.563500, 0.775563
3.526000, 0.030714
2.578000, 0.041404
1.077000, 0.477670
0.050000, 0.981338
3.052000, 0.033328
2.104000, 0.063539
1.630000, 0.121102
0.603000, 0.751053
3.565500, 0.029211
2.617500, 0.041657
1.116500, 0.434050
0.089500, 0.965023
3.091500, 0.026147
1.669500, 0.100160
0.642500, 0.745576
3.605000, 0.032552
2.657000, 0.047249
2.143500, 0.058459
1.156000, 0.386129
1.709000, 0.105154
0.682000, 0.725647
3.131000, 0.039361
3.644500, 0.029757
0.129000, 0.950225
2.696500, 0.037370
1.748500, 0.082504
1.195500, 0.342026
0.721500, 0.689079
3.684000, 0.028434
2.183000, 0.056876
3.170500, 0.033613
0.168500, 0.936078
2.736000, 0.035585
1.788000, 0.083414
0.761000, 0.681262
3.723500, 0.027461
1.235000, 0.303568
3.210000, 0.030195
1.827500, 0.067388
2.775500, 0.036260
0.208000, 0.918301
0.800500, 0.657195
3.763000, 0.032170
2.222500, 0.055317
1.274500, 0.288065
1.867000, 0.085997
3.249500, 0.032547
3.802500, 0.027801
2.815000, 0.037595
0.840000, 0.644766
0.247500, 0.906890
1.314000, 0.235905
2.262000, 0.051768
1.906500, 0.070048
3.842000, 0.028899
0.879500, 0.622432
2.854500, 0.033334
3.289000, 0.031185
1.946000, 0.056483
1.353500, 0.212921
0.287000, 0.890748
3.881500, 0.028338
0.919000, 0.592871
2.894000, 0.034186
2.301500, 0.048177
1.985500, 0.059445
3.328500, 0.032051
3.921000, 0.027219
0.958500, 0.577983
1.393000, 0.206794
0.326500, 0.870762
2.933500, 0.031829
2.025000, 0.065276
3.960500, 0.030169
3.368000, 0.029171
0.998000, 0.549127
2.341000, 0.045632
1.432500, 0.171125
2.064500, 0.059698
2.973000, 0.034202
0.366000, 0.858730
3.407500, 0.033747
1.037500, 0.513302
1.472000, 0.174958
3.012500, 0.034172
3.447000, 0.030852
0.405500, 0.839369
2.380500, 0.051590
1.511500, 0.144111
3.486500, 0.029648
0.445000, 0.822327
0.484500, 0.804050
1.551000, 0.134668
2.420000, 0.049331
0.524000, 0.789246
2.459500, 0.042513
2.499000, 0.046481
2.538500, 0.046284
